[[Variables]]
    a0:   27.3012454 +/- 0.00590883 (0.02%) (init = 26.05525)
    a1:   0 (fixed)
    a2:  -11.8041190 +/- 0.00211815 (0.02%) (init = -12.42822)
    a3:  -0.44882678 +/- 0.00808180 (1.80%) (init = 0)
    a4:  -0.28045804 +/- 5.2385e-04 (0.19%) (init = 0)
    a5:   0.01574988 +/- 2.6011e-05 (0.17%) (init = 0)
    a6:   0.10916593 +/- 0.00290513 (2.66%) (init = -0.6666667)
    a7:  -25.6382095 +/- 0.15783388 (0.62%) (init = 26.05525)
    a8:   0 (fixed)
    a9:  -125.388386 +/- 0.11293194 (0.09%) (init = -12.42822)
    a10:  173.943087 +/- 0.29073990 (0.17%) (init = 0)
    a11: -8.33199512 +/- 0.02492901 (0.30%) (init = 0)
    a12:  0.27701862 +/- 0.00214727 (0.78%) (init = 0)
    a13: -89.6407845 +/- 0.11288436 (0.13%) (init = -0.6666667)
